Game1 vs DumAI Times:
3.7487458
1.4392449
2.05694
2.2634118
1.7921885
1.9873653
1.7238977
1.363586
8.7065676
7.312324
4.7556559
3.4161007
2.4995682
9.1776377
5.3827435
4.1391074
3.830997
2.3605243
49.5146534
24.6995414
8.4787098
3.7540559
1.2319554
1.5050674
0.028616
0.1185985
0.0017991
0.0017039
0.0008661
0.000514
0.0005622
0.0005779
0.0003868
Average time: 4.7664 seconds
Game2 vs DumAI
2.5086165
2.9036763
2.445956
2.5124293
1.2944518
0.9840785
0.8337257
1.0223743
4.4505231
3.9304023
2.9617144
2.5477166
1.5263039
5.4415322
2.9022822
1.7492284
0.7884998
0.9590191
16.9250209
7.9339022
5.077595
2.1245824
0.7803456
0.5620972
0.2247064
0.0480242
0.005108
0.0021924
0.0012956
5.921E-4
Game3 vs monke 
3.0541445
2.3339039
1.8110498
2.6307196
1.8407246
2.3322498
2.392881
1.8778575
13.8627236
8.7297801
6.9183878
5.1609082
4.6035971
25.9640442
11.1505685
6.6242408
6.0997103
3.6052531
86.2225576
48.0486082
23.3997952
6.6109319
4.0094518
2.6112834
0.8639446
0.1507765
0.0288102
0.0047287
8.624E-4
0.0020049
7.209E-4
5.984E-4
Game4 vs monke 
2.8552888
2.5428629
1.7259366
1.5521151
1.5940429
1.4119318
1.9826101
1.867171
10.153347
6.1205512
2.5837606
3.6307459
3.8245141
11.0153391
2.6340809
4.1370624
2.3459581
1.2398543
34.1454399
20.7403035
6.4584533
2.8823916
1.1694942
1.2125481
0.2183156
0.0239573
0.0130877
0.0014367
0.0011752
0.0011166
5.7966178
4.6987936
3.3845802
4.2492044
4.1245836
4.6993663
3.925442
3.4183833
30.1337273
17.8737581
16.0862793
